timestamp[ns],frame
865506211615684,1640
865506242616569,1641
865506275762030,1642
865506309001607,1643
865506341150376,1644
865506375703645,1645
865506404620299,1646
865506439180722,1647
865506474879415,1648
865506506069068,1649
865506539997722,1650
865506570560068,1651
865506602601761,1652
865506638786684,1653
865506669732684,1654
865506703542337,1655
865506738753876,1656
865506771352991,1657
865506804710914,1658
865506840525491,1659
865506872561030,1660
865506904914568,1661
865506943080568,1662
865506971688953,1663
865507004028453,1664
865507038479683,1665
865507074796529,1666
865507105166683,1667
865507139833068,1668
865507173731260,1669
865507205660068,1670
865507239392914,1671
865507272956606,1672
865507305948222,1673
865507336990068,1674
865507372109106,1675
865507405311645,1676
865507439615298,1677
865507473876683,1678
865507503191337,1679
865507537312798,1680
865507572214221,1681
865507605842144,1682
865507639764221,1683
865507676489491,1684
865507706505567,1685
865507750432106,1686
865507780893644,1687
865507820419490,1688
865507846389529,1689
865507877672414,1690
865507908862952,1691
865507936873644,1692
865507976214721,1693
865508007014683,1694
865508039743567,1695
865508071528144,1696
865508107701529,1697
865508142303259,1698
865508175960529,1699
865508215014490,1700
865508245113259,1701
865508281102644,1702
865508321364913,1703
865508355245413,1704
865508382191413,1705
865508410301644,1706
865508440337028,1707
865508473277567,1708
865508506156182,1709
865508539322221,1710
865508571348605,1711
865508604303182,1712
865508637990413,1713
865508674791682,1714
865508707211951,1715
865508737260644,1716
865508771383836,1717
865508804254682,1718
865508839104990,1719
865508872311528,1720
865508906286182,1721
865508938348990,1722
865508971736797,1723
865509003976567,1724
865509038174797,1725
865509069536990,1726
865509103361490,1727
865509139598990,1728
865509173494066,1729
865509208346874,1730
865509236515836,1731
865509269541528,1732
865509304917220,1733
865509341259489,1734
865509370867797,1735
865509405029989,1736
865509439619105,1737
865509474955182,1738
865509508494335,1739
865509539491528,1740
865509570507297,1741
865509602513835,1742
865509634350066,1743
865509670193105,1744
865509701766758,1745
865509734972835,1746
865509770552604,1747
865509801350258,1748
865509836597258,1749
865509872051912,1750
865509902892566,1751
865509933649951,1752
865509971932412,1753
865510005802720,1754
865510037172912,1755
865510072974566,1756
865510103765373,1757
865510141163989,1758
865510170666335,1759
865510201659527,1760
865510233130989,1761
865510267285873,1762
865510301500489,1763
865510334850873,1764
865510367661950,1765
865510401423835,1766
865510435760681,1767
865510469319142,1768
865510507472296,1769
865510539267565,1770
865510570099142,1771
865510601550488,1772
865510634748104,1773
865510667454642,1774
865510700900027,1775
865510738871258,1776
865510769180027,1777
865510804359873,1778
865510839108988,1779
865510869856565,1780
865510901866719,1781
865510938066065,1782
865510973077796,1783
865511002404411,1784
865511035973104,1785
865511077339719,1786
865511104975027,1787
865511133643719,1788
865511166384873,1789
865511200237103,1790
865511241865757,1791
865511270554450,1792
865511303709142,1793
865511336449603,1794
865511368297373,1795
865511400718526,1796
865511434375449,1797
865511472572603,1798
865511509525488,1799
865511540172834,1800
865511569687488,1801
865511602079642,1802
865511635042142,1803
865511667061526,1804
865511701084680,1805
865511736779218,1806
865511767636603,1807
865511801752411,1808
865511835169834,1809
865511868058603,1810
865511900437488,1811
865511939730064,1812
865511973963449,1813
865512001580295,1814
865512035215180,1815
865512067082872,1816
865512103644872,1817
865512136228372,1818
865512168026987,1819
865512201889564,1820
865512235650526,1821
865512268774603,1822
865512300867949,1823
865512334578218,1824
865512368360372,1825
865512401726180,1826
865512433677949,1827
865512469291987,1828
865512504687679,1829
865512539189064,1830
865512570460218,1831
865512600667910,1832
865512634709141,1833
865512667764872,1834
865512701457718,1835
865512734206833,1836
865512767413372,1837
865512801193872,1838
865512835832295,1839
865512866656410,1840
865512902762487,1841
865512934021948,1842
865512967096948,1843
865513000927948,1844
865513033704871,1845
865513067115756,1846
865513101920487,1847
865513135367987,1848
865513168183525,1849
865513200702602,1850
865513236206948,1851
865513270321025,1852
865513305653371,1853
865513343168294,1854
865513372967410,1855
865513407601563,1856
865513437719179,1857
865513465453294,1858
865513507306756,1859
865513540519871,1860
865513568686948,1861
865513601922448,1862
865513634319332,1863
865513667171409,1864
865513698169371,1865
865513733268832,1866
865513763710294,1867
865513798863371,1868
865513833607255,1869
865513865480409,1870
865513903517794,1871
865513932901678,1872
865513968690794,1873
865513998746871,1874
865514033426601,1875
865514066833909,1876
865514098770409,1877
865514137355024,1878
865514169687140,1879
865514199210524,1880
865514234237409,1881
865514265594217,1882
865514299006678,1883
865514332931717,1884
865514366246717,1885
865514401162601,1886
865514433672832,1887
865514468274140,1888
865514506052601,1889
865514536269024,1890
865514572188370,1891
865514598932216,1892
865514637554486,1893
865514666128139,1894
865514701183678,1895
865514734283678,1896
865514769064486,1897
865514800372139,1898
865514832311101,1899
865514865872024,1900
865514898516255,1901
865514933376870,1902
865514965878985,1903
865514999859101,1904
865515034463562,1905
865515066072562,1906
865515104245178,1907
865515134126831,1908
865515165728216,1909
865515199022754,1910
865515232550293,1911
865515265967408,1912
865515299777870,1913
865515332723408,1914
865515366545793,1915
865515401549062,1916
865515435328716,1917
865515466716139,1918
865515500437370,1919
865515532592254,1920
865515566727870,1921
865515597217062,1922
865515632530062,1923
865515667618639,1924
865515704393139,1925
865515734438023,1926
865515770614485,1927
865515797353446,1928
865515833312446,1929
865515867604139,1930
865515902574254,1931
865515932012139,1932
865515966553331,1933
865516001717100,1934
865516033799600,1935
865516064852792,1936
865516099054254,1937
865516133768908,1938
865516169841061,1939
865516204886523,1940
865516233035908,1941
865516266381369,1942
865516299217831,1943
865516331761369,1944
865516373089369,1945
865516402520023,1946
865516439785600,1947
865516468287369,1948
865516498990561,1949
865516532740946,1950
865516563937253,1951
865516597927753,1952
865516632110176,1953
865516667107407,1954
865516701749638,1955
865516736818369,1956
865516768416946,1957
865516801396407,1958
865516832841138,1959
865516868244907,1960
865516899381522,1961
865516934509830,1962
865516967190369,1963
865517000450715,1964
865517031231022,1965
865517066246445,1966
865517097347445,1967
865517134702676,1968
865517164914868,1969
865517196494599,1970
865517231313599,1971
865517269867945,1972
865517298951714,1973
865517334527368,1974
865517366419330,1975
865517398766791,1976
865517433407945,1977
865517465824907,1978
865517497274714,1979
865517531019522,1980
865517565014214,1981
865517597312368,1982
865517631252637,1983
865517668292753,1984
865517707432214,1985
865517733455637,1986
865517764036253,1987
865517796598714,1988
865517827987176,1989
865517862899368,1990
865517899071060,1991
865517929927214,1992
865517963850137,1993
865517997765829,1994
865518030709175,1995
865518061501791,1996
865518099198137,1997
865518128328714,1998
865518163576137,1999
865518200679983,2000
865518235133175,2001
865518266310791,2002
865518301502060,2003
865518332249329,2004
865518368806560,2005
865518398487906,2006
865518431565752,2007
865518465185675,2008
865518497431829,2009
865518534943329,2010
865518569069483,2011
865518599206406,2012
865518629625060,2013
865518663171098,2014
865518701534098,2015
865518735254483,2016
865518769575983,2017
865518797686598,2018
865518832802867,2019
865518867301829,2020
865518899586598,2021
865518927871290,2022
865518962036713,2023
865518996192982,2024
865519031847982,2025
865519062611444,2026
865519097207098,2027
865519128936559,2028
865519162298752,2029
865519196054444,2030
865519229187213,2031
865519263043521,2032
865519298103290,2033
865519328742444,2034
865519366350482,2035
865519400696175,2036
865519428887790,2037
865519467127098,2038
865519495833059,2039
865519530260828,2040
865519564101367,2041
865519596408751,2042
865519629241405,2043
865519665166905,2044
865519698041713,2045
865519735286213,2046
865519764423943,2047
865519797095559,2048
865519830613020,2049
865519861118059,2050
865519898805443,2051
865519928995943,2052
865519960961751,2053
865519996332097,2054
865520029471866,2055
865520063661020,2056
865520095716982,2057
865520131835866,2058
865520166361712,2059
865520196051212,2060
865520227869982,2061
865520260843559,2062
865520295386289,2063
865520331882366,2064
865520360170097,2065
865520395731712,2066
865520429775943,2067
865520462503558,2068
865520499151597,2069
865520529612366,2070
865520566935404,2071
865520595051212,2072
865520628899366,2073
865520664052943,2074
865520703077174,2075
865520728301558,2076
865520761554712,2077
865520794475981,2078
865520828059020,2079
865520860168481,2080
865520894022827,2081
865520926660366,2082
865520960170558,2083
865520993501443,2084
865521026805481,2085
865521063091981,2086
865521097089866,2087
865521126410673,2088
865521160037558,2089
865521194273404,2090
865521226387789,2091
865521261971289,2092
865521301616096,2093
865521332032096,2094
865521362529096,2095
865521397797827,2096
865521427477404,2097
865521462021327,2098
865521493323711,2099
865521526455404,2100
865521557762904,2101
865521594873404,2102
865521627514481,2103
865521662686827,2104
865521698379327,2105
865521732186250,2106
865521759996327,2107
865521794019596,2108
865521830755519,2109
865521861424057,2110
865521894708019,2111
865521927537827,2112
865521962554134,2113
865521992521519,2114
865522026223403,2115
865522059180788,2116
865522090909365,2117
865522124702173,2118
865522157865596,2119
865522191941942,2120
865522224972288,2121
865522258023980,2122
865522292221019,2123
865522324340288,2124
865522365410634,2125
865522393928442,2126
865522428962018,2127
865522465475634,2128
865522495274288,2129
865522526808095,2130
865522560988441,2131
865522597852441,2132
865522627789634,2133
865522661611441,2134
865522697496480,2135
865522731993826,2136
865522762256403,2137
865522793288211,2138
865522826334826,2139
865522862358634,2140
865522893687595,2141
865522928601787,2142
865522964888787,2143
865522994618903,2144
865523025334133,2145
865523061192057,2146
865523096184403,2147
865523127549249,2148
865523161970787,2149
865523195832441,2150
865523226371287,2151
865523261957172,2152
865523294547287,2153
865523335439941,2154
865523369533095,2155
865523400314056,2156
865523431517056,2157
865523460841210,2158
865523492269518,2159
865523526632902,2160
865523559222095,2161
865523591599402,2162
865523627419825,2163
865523661774364,2164
865523694200787,2165
865523729634325,2166
865523762322556,2167
865523793792633,2168
865523826015864,2169
865523860750902,2170
865523896505825,2171
865523932274402,2172
865523960369133,2173
865523994492325,2174
865524027527825,2175
865524058589094,2176
865524092753748,2177
865524128118440,2178
865524159704402,2179
865524191578940,2180
865524226375440,2181
865524259084786,2182
865524293626556,2183
865524325570286,2184
865524358326940,2185
865524393065479,2186
865524430794940,2187
865524459569017,2188
865524493539748,2189
865524523282594,2190
865524558879786,2191
865524592980786,2192
865524625995325,2193
865524660069132,2194
865524695116555,2195
865524728513786,2196
865524759017171,2197
865524792188055,2198
865524826353440,2199
865524856917901,2200
865524890941478,2201
865524925580247,2202
865524958721555,2203
865524989472440,2204
865525025653286,2205
865525061179286,2206
865525094083094,2207
865525124015786,2208
865525159226363,2209
865525192343286,2210
865525226223747,2211
865525259467747,2212
865525293217516,2213
865525327262247,2214
865525357436593,2215
865525392237709,2216
865525426969824,2217
865525460476055,2218
865525491789747,2219
865525525726170,2220
865525557731132,2221
865525594896978,2222
865525626120132,2223
865525659730016,2224
865525694120901,2225
865525733356324,2226
865525760735016,2227
865525788612708,2228
865525826151285,2229
865525859346093,2230
865525889872362,2231
865525923906516,2232
865525957471285,2233
865525990355977,2234
865526023258785,2235
865526056781016,2236
865526091890362,2237
865526124066900,2238
865526159372939,2239
865526189946362,2240
865526225610170,2241
865526258447093,2242
865526290668285,2243
865526323067516,2244
865526354618708,2245
865526388493170,2246
865526422283285,2247
865526455524631,2248
865526488035285,2249
865526522164362,2250
865526553828092,2251
865526583653092,2252
865526622529246,2253
865526656906823,2254
865526692474092,2255
865526725343708,2256
865526754698862,2257
865526790822669,2258
865526824296477,2259
865526857447169,2260
865526888373169,2261
865526928299746,2262
865526960668592,2263
865526991513823,2264
865527022784361,2265
865527056484477,2266
865527090695477,2267
865527124060477,2268
865527156290207,2269
865527190865361,2270
865527222461784,2271
865527255833477,2272
865527289408323,2273
865527322912053,2274
865527356123861,2275
865527388736476,2276
865527423953861,2277
865527457251246,2278
865527488951130,2279
865527520304938,2280
865527554074784,2281
865527586984399,2282
865527620953322,2283
865527657441515,2284
865527691927899,2285
865527726049707,2286
865527757039669,2287
865527786832399,2288
865527821446092,2289
865527854049476,2290
865527886696207,2291
865527922152861,2292
865527953381322,2293
865527987562553,2294
865528022072668,2295
865528052712476,2296
865528088229707,2297
865528118517322,2298
865528154473476,2299
865528187862053,2300
865528221943207,2301
865528255142014,2302
865528293865168,2303
865528323754591,2304
865528357052899,2305
865528386080553,2306
865528419656668,2307
865528451564283,2308
865528485224322,2309
865528521241245,2310
865528554172629,2311
865528586275129,2312
865528622600091,2313
865528657287129,2314
865528690776283,2315
865528724054629,2316
865528756415437,2317
865528785402745,2318
865528824046668,2319
865528858581014,2320
865528889683898,2321
865528921259937,2322
865528955182783,2323
865528988222552,2324
865529021429706,2325
865529056874937,2326
865529088337552,2327
865529121913283,2328
865529156059091,2329
865529186829129,2330
865529219784860,2331
865529259147821,2332
865529288618860,2333
865529322359475,2334
865529356904937,2335
865529388662398,2336
865529422847013,2337
865529452744629,2338
865529493177552,2339
865529522747360,2340
865529553569513,2341
865529589072513,2342
865529620470283,2343
865529654503590,2344
865529689442783,2345
865529723173475,2346
865529752954359,2347
865529788166206,2348
865529820315706,2349
865529853849859,2350
865529887026898,2351
865529921083129,2352
865529953526667,2353
865529987520705,2354
865530029389705,2355
865530064663705,2356
865530090346859,2357
865530119037205,2358
865530157328705,2359
865530188881205,2360
865530219040821,2361
865530255833821,2362
865530283615282,2363
865530318749897,2364
865530351435205,2365
865530385757628,2366
865530419687436,2367
865530453444667,2368
865530490184936,2369
865530521366936,2370
865530553578167,2371
865530591084474,2372
865530620448013,2373
865530658177282,2374
865530688827474,2375
865530722802859,2376
865530754884051,2377
865530793443282,2378
865530821616512,2379
865530853376820,2380
865530884922512,2381
865530921613859,2382
865530967074166,2383
865530992896205,2384
865531022924551,2385
865531056695666,2386
865531089949782,2387
865531125345051,2388
865531154530858,2389
865531188950166,2390
865531221243781,2391
865531260198974,2392
865531285530628,2393
865531321225704,2394
865531353459012,2395
865531391321781,2396
865531421876435,2397
865531453746204,2398
865531487926474,2399
865531519854204,2400
865531551746281,2401
865531587551166,2402
865531618564050,2403
865531651228243,2404
865531687797896,2405
865531724162204,2406
865531759901512,2407
865531784393781,2408
865531818974473,2409
865531853637281,2410
865531887819204,2411
865531922008896,2412
865531953798127,2413
865531990259012,2414
865532024975858,2415
865532052185858,2416
865532089600935,2417
865532122912742,2418
865532154363627,2419
865532185758742,2420
865532221568473,2421
865532254273319,2422
865532287459588,2423
865532320062281,2424
865532355035973,2425
865532384844858,2426
865532421680588,2427
865532451383242,2428
865532486060319,2429
865532518280973,2430
865532553309550,2431
865532587376780,2432
865532617525511,2433
865532655090319,2434
865532686010434,2435
865532723545896,2436
865532756880319,2437
865532784670665,2438
865532820419088,2439
865532850364588,2440
865532885418896,2441
865532918702434,2442
865532956245242,2443
865532983553319,2444
865533024876703,2445
865533053747934,2446
865533087068165,2447
865533122123357,2448
865533150766357,2449
865533183868357,2450
865533217808049,2451
865533250277203,2452
865533288091357,2453
865533321972318,2454
865533353444049,2455
865533388118972,2456
865533420076780,2457
865533453759049,2458
865533488495741,2459
865533517682703,2460
865533552551472,2461
865533583764280,2462
865533621300318,2463
865533655925780,2464
865533692847818,2465
865533722014703,2466
865533755959318,2467
865533787181433,2468
865533818523395,2469
865533851054818,2470
865533885254280,2471
865533919130280,2472
865533950665549,2473
865533985300933,2474
865534017413933,2475
865534051240395,2476
865534085265818,2477
865534116190549,2478
865534150463472,2479
865534182568664,2480
865534215600087,2481
865534252139241,2482
865534283194395,2483
865534316879356,2484
865534352137241,2485
865534386864202,2486
865534417968548,2487
865534450166318,2488
865534482458664,2489
865534517179971,2490
865534548765318,2491
865534585903471,2492
865534617364933,2493
865534652550779,2494
865534686080779,2495
865534720580433,2496
865534749949087,2497
865534783763779,2498
865534818507779,2499
865534850030087,2500
865534886495394,2501
865534918298663,2502
865534949263894,2503
865534985695202,2504
865535015794125,2505
865535050242394,2506
865535081644202,2507
865535116329432,2508
865535149659125,2509
865535184480817,2510
865535216476971,2511
865535249559625,2512
865535283055009,2513
865535316397855,2514
865535350946125,2515
865535382660240,2516
865535416942932,2517
865535449107932,2518
865535484589971,2519
865535516033086,2520
865535548780740,2521
865535581427548,2522
865535615782086,2523
865535652829971,2524
865535683849740,2525
865535725593547,2526
865535755601586,2527
865535784970701,2528
865535815116817,2529
865535853096894,2530
865535884658163,2531
865535916712124,2532
865535949252240,2533
865535985209701,2534
865536014802047,2535
865536052487009,2536
865536086516739,2537
865536115871547,2538
865536147990893,2539
865536183634893,2540
865536214699662,2541
865536249135086,2542
865536282602047,2543
865536314873701,2544
865536349649278,2545
865536382586509,2546
865536413454162,2547
865536452663701,2548
865536485384624,2549
865536514997162,2550
865536546107239,2551
865536582154893,2552
865536615145201,2553
865536648975393,2554
865536682928085,2555
865536716590316,2556
865536752320316,2557
865536784053585,2558
865536814157277,2559
865536849105624,2560
865536880252931,2561
865536913128854,2562
865536946094970,2563
865536981597470,2564
865537012651508,2565
865537047270970,2566
865537080211123,2567
865537112809623,2568
865537149674470,2569
865537182135431,2570
865537215810200,2571
865537253721816,2572
865537283914162,2573
865537315105046,2574
865537349107662,2575
865537380618662,2576
865537414653815,2577
865537448791892,2578
865537482596738,2579
865537517421162,2580
865537548067200,2581
865537580414008,2582
865537615167623,2583
865537648099238,2584
865537682358854,2585
865537716576315,2586
865537750320546,2587
865537784085700,2588
865537815338507,2589
865537849705892,2590
865537881375431,2591
865537914281430,2592
865537949110700,2593
865537983067315,2594
865538012753892,2595
865538049346007,2596
865538081336661,2597
865538114434200,2598
865538146824776,2599
865538181287276,2600
865538213546738,2601
865538246017507,2602
865538282123776,2603
865538323005623,2604
865538356947776,2605
865538384832161,2606
865538428327122,2607
865538457976084,2608
865538485177315,2609
865538514693584,2610
865538551334315,2611
865538582016084,2612
865538612894007,2613
865538646867353,2614
865538683202930,2615
865538712879699,2616
865538752526161,2617
865538780287776,2618
865538811429622,2619
865538853005930,2620
865538879944661,2621
865538919031661,2622
865538953805968,2623
865538982751891,2624
865539015826276,2625
865539050192776,2626
865539081525584,2627
865539124905891,2628
865539159012007,2629
865539182397237,2630
865539217746160,2631
865539251154314,2632
865539286513545,2633
865539317001083,2634
865539347178160,2635
865539385067468,2636
865539413690929,2637
865539451000737,2638
865539481507545,2639
865539521067660,2640
865539547207314,2641
865539577540122,2642
865539616488891,2643
865539651353545,2644
865539688881775,2645
865539719816737,2646
865539753566121,2647
865539780608429,2648
865539817735237,2649
865539847786583,2650
865539880646621,2651
865539912151314,2652
865539949993083,2653
865539984416775,2654
865540014958583,2655
865540043425814,2656
865540081186737,2657
865540113686467,2658
865540150932583,2659
865540186578198,2660
865540216204737,2661
865540245789660,2662
865540277873583,2663
865540314635506,2664
865540346185429,2665
865540376936698,2666
865540413551890,2667
865540444466621,2668
865540483483198,2669
865540515656544,2670
865540543650775,2671
865540579386775,2672
865540609757044,2673
865540644478852,2674
865540680465659,2675
865540709072967,2676
865540747109352,2677
865540778195813,2678
865540810193813,2679
865540845828736,2680
865540871885621,2681
865540916045121,2682
865540945971736,2683
865540981346428,2684
865541017802159,2685
865541043730736,2686
865541075657274,2687
865541114674005,2688
865541147212967,2689
865541178427351,2690
865541214908890,2691
865541242741890,2692
865541276350159,2693
865541313474313,2694
865541343386620,2695
865541376839005,2696
865541416464428,2697
865541443611043,2698
865541477793351,2699
865541513062236,2700
865541544339697,2701
865541577148312,2702
865541612636043,2703
865541643764582,2704
865541679308082,2705
865541709361697,2706
865541750471159,2707
865541781447851,2708
865541812875312,2709
865541842890466,2710
865541874194082,2711
865541909032120,2712
865541942737274,2713
865541974418505,2714
865542009240197,2715
865542042837889,2716
865542077765158,2717
865542106387620,2718
865542143340043,2719
865542177946312,2720
865542214138427,2721
865542249464966,2722
865542276745235,2723
865542309629620,2724
865542343504889,2725
865542378160697,2726
865542411371620,2727
865542445892081,2728
865542477309389,2729
865542511049120,2730
865542542960581,2731
865542576306427,2732
865542608887119,2733
865542644689427,2734
865542678908350,2735
865542713507158,2736
865542746186196,2737
865542778104465,2738
865542812079619,2739
865542847800427,2740
865542878136312,2741
865542908365850,2742
865542942658965,2743
865542977138042,2744
865543011586465,2745
865543044112273,2746
865543079265004,2747
865543108888427,2748
865543145456196,2749
865543177543350,2750
865543210288119,2751
865543243364042,2752
865543277066965,2753
865543321412157,2754
865543349072580,2755
865543386469042,2756
865543418817850,2757
865543450958965,2758
865543480211003,2759
865543516169503,2760
865543545249119,2761
865543580711619,2762
865543607410926,2763
865543644010042,2764
865543677089388,2765
865543710128773,2766
865543744923311,2767
865543776281311,2768
865543805860696,2769
865543841981003,2770
865543874108695,2771
865543910121311,2772
865543942728657,2773
865543975115272,2774
865544009322734,2775
865544044612734,2776
865544076874426,2777
865544106381541,2778
865544142747041,2779
865544176970195,2780
865544210664080,2781
865544241291772,2782
865544275947657,2783
865544308056349,2784
865544340128811,2785
865544375555964,2786
865544407265618,2787
865544440031349,2788
865544474703849,2789
865544505862387,2790
865544539494657,2791
865544575789041,2792
865544606233541,2793
865544639580618,2794
865544675235810,2795
865544707620387,2796
865544742982733,2797
865544775802310,2798
865544805368233,2799
865544841104464,2800
865544872825926,2801
865544909471887,2802
865544945682041,2803
865544975868425,2804
865545006303925,2805
865545039530772,2806
865545073408618,2807
865545106724887,2808
865545139327041,2809
865545172294695,2810
865545205217348,2811
865545240126387,2812
865545275523694,2813
865545312391733,2814
865545341147925,2815
865545374800810,2816
865545411792425,2817
865545444929117,2818
865545477566502,2819
865545512421540,2820
865545543767271,2821
865545581807040,2822
865545612478925,2823
865545643579502,2824
865545680071771,2825
865545713932694,2826
865545754745348,2827
865545788948233,2828
865545817180117,2829
865545849870733,2830
865545878681386,2831
865545908132694,2832
865545939380040,2833
865545973121771,2834
865546006345579,2835
865546042789579,2836
865546076905771,2837
865546106514655,2838
865546139761848,2839
865546175749386,2840
865546217853309,2841
865546250055771,2842
865546282751232,2843
865546320239694,2844
865546351895924,2845
865546385323386,2846
865546418775424,2847
865546461222232,2848
865546490878963,2849
865546520869694,2850
865546551566578,2851
865546580100578,2852
865546614659270,2853
865546646796963,2854
865546676690847,2855
865546709773117,2856
865546744659232,2857
865546779802078,2858
865546816555193,2859
865546844759655,2860
865546874273232,2861
865546904873193,2862
865546940431539,2863
865546972010693,2864
865547006458116,2865
865547041568462,2866
865547074478962,2867
865547108721462,2868
865547142186924,2869
865547173484616,2870
865547207124655,2871
865547241033770,2872
865547276246193,2873
865547305684462,2874
865547341279808,2875
865547377594654,2876
865547406719501,2877
865547441654501,2878
865547473714693,2879
865547509506847,2880
865547540815231,2881
865547574395077,2882
865547609931000,2883
865547645499385,2884
865547673405424,2885
865547712474577,2886
865547742112077,2887
865547777921654,2888
865547808935962,2889
865547837941616,2890
865547870423539,2891
865547907842500,2892
865547946222808,2893
865547982984885,2894
865548014761577,2895
865548046362654,2896
865548080431731,2897
865548112687077,2898
865548144124846,2899
865548178217269,2900
865548211322462,2901
865548242281808,2902
865548275577962,2903
865548313259115,2904
865548346207538,2905
865548378177461,2906
865548411785000,2907
865548443622654,2908
865548471283308,2909
865548505137115,2910
865548535901308,2911
865548575369577,2912
865548603252884,2913
865548636641077,2914
865548670181500,2915
865548707898192,2916
865548741237230,2917
865548775819730,2918
865548805652000,2919
865548841694423,2920
865548871267692,2921
865548906514038,2922
865548941268692,2923
865548975653807,2924
865549004453615,2925
865549036763807,2926
865549073759153,2927
865549108236615,2928
865549138060769,2929
865549172712999,2930
865549211293769,2931
865549243849961,2932
865549278134692,2933
865549310118230,2934
865549339992768,2935
865549375255922,2936
865549408272768,2937
865549443990884,2938
865549475053153,2939
865549509368461,2940
865549539848576,2941
865549573506845,2942
865549602275961,2943
865549637440845,2944
865549672615845,2945
865549707228268,2946
865549745371999,2947
865549773376230,2948
865549810244730,2949
865549840501114,2950
865549869887076,2951
865549903100999,2952
865549934980345,2953
865549968778883,2954
865550002413883,2955
865550034439691,2956
865550069227960,2957
865550102099460,2958
865550138639729,2959
865550168932999,2960
865550202794960,2961
865550234489768,2962
865550267059499,2963
865550303151922,2964
865550338688652,2965
865550368745806,2966
865550402118883,2967
865550438102729,2968
865550468394729,2969
865550510934460,2970
865550540009614,2971
865550569063960,2972
865550603337306,2973
865550642959344,2974
865550676958768,2975
865550710655383,2976
865550742374383,2977
865550780308267,2978
865550817820729,2979
865550847318844,2980
865550876014537,2981
865550904957575,2982
865550940726883,2983
865550977277498,2984
865551004129113,2985
865551035389883,2986
865551068430152,2987
865551100149036,2988
865551134831344,2989
865551169506267,2990
865551208180690,2991
865551240928344,2992
865551269409959,2993
865551302951152,2994
865551334932882,2995
865551369225267,2996
865551400040075,2997
865551434600075,2998
865551470014152,2999
865551502725305,3000
865551534842228,3001
865551567187113,3002
865551607102805,3003
865551634006613,3004
865551669422882,3005
865551707391459,3006
865551736060574,3007
865551772122767,3008
865551801572997,3009
865551834098844,3010
865551868154459,3011
865551900279997,3012
865551934390190,3013
865551973186536,3014
865552002960228,3015
865552039758113,3016
865552067022997,3017
865552100577113,3018
865552135654959,3019
865552172752959,3020
865552204242074,3021
865552236654189,3022
865552269524882,3023
865552302398151,3024
865552335065459,3025
865552369134805,3026
865552405381805,3027
865552441637343,3028
865552469715651,3029
865552503058651,3030
865552537063612,3031
865552570451958,3032
865552604783728,3033
865552636119420,3034
865552667558458,3035
865552703388881,3036
865552741672766,3037
865552775500997,3038
865552803341381,3039
865552837100651,3040
865552868953881,3041
865552899032689,3042
865552933411497,3043
865552969378420,3044
865553000865535,3045
865553033918227,3046
865553072647035,3047
865553104644112,3048
865553137414958,3049
865553169788189,3050
865553209392420,3051
865553237222304,3052
865553270621496,3053
865553302239073,3054
865553340076343,3055
865553372394189,3056
865553410244535,3057
865553441524342,3058
865553475543073,3059
865553506726035,3060
865553536590112,3061
865553569802265,3062
865553605044458,3063
865553639000996,3064
865553675732958,3065
865553708026342,3066
865553747437727,3067
865553777417073,3068
865553807611765,3069
865553836331842,3070
865553869862804,3071
865553899223458,3072
865553933711419,3073
865553969390457,3074
865554001405611,3075
865554041490150,3076
865554069315496,3077
865554103072957,3078
865554137296919,3079
865554167284727,3080
865554199495419,3081
865554236818073,3082
865554271384034,3083
865554303217073,3084
865554334656111,3085
865554367818957,3086
865554404214303,3087
865554437769611,3088
865554465640303,3089
865554499791996,3090
865554533110457,3091
865554564988842,3092
865554601981226,3093
865554633886034,3094
865554668375342,3095
865554700154226,3096
865554736141995,3097
865554782140380,3098
865554809471380,3099
865554837272188,3100
865554865517765,3101
865554905660841,3102
865554935715841,3103
865554964982688,3104
865555001367495,3105
865555033477303,3106
865555067307457,3107
865555098111495,3108
865555133950149,3109
865555166681072,3110
865555202098457,3111
865555236096495,3112
865555271578803,3113
865555306808880,3114
865555339283533,3115
865555368707264,3116
865555403044495,3117
865555432728572,3118
865555466511610,3119
865555504266841,3120
865555538754841,3121
865555569136341,3122
865555598678764,3123
865555631566495,3124
865555666694033,3125
865555703419995,3126
865555738872572,3127
865555770606379,3128
865555803086879,3129
865555838628033,3130
865555871133648,3131
865555906794264,3132
865555932647148,3133
865555969423071,3134
865555998136687,3135
865556036910456,3136
865556064784879,3137
865556100898764,3138
865556137167456,3139
865556170409379,3140
865556202047379,3141
865556234985264,3142
865556267842917,3143
865556296958956,3144
865556334018225,3145
865556366999994,3146
865556404870533,3147
865556436230110,3148
865556472574494,3149
865556502991263,3150
865556533619456,3151
865556574256148,3152
865556603115263,3153
865556634376032,3154
865556674524725,3155
865556711154263,3156
865556746815340,3157
865556774758109,3158
865556809735225,3159
865556840130302,3160
865556879770378,3161
865556906859148,3162
865556935882994,3163
865556970786725,3164
865557001916878,3165
865557033592840,3166
865557066517840,3167
865557103015071,3168
865557132511609,3169
865557173695571,3170
865557201496263,3171
865557235051686,3172
865557265611224,3173
865557298665686,3174
865557337178494,3175
865557366716532,3176
865557398038993,3177
865557432255493,3178
865557468655993,3179
865557504915686,3180
865557531220878,3181
865557563436609,3182
865557597463839,3183
865557632206109,3184
865557666701878,3185
865557699091839,3186
865557736202878,3187
865557770694955,3188
865557802682147,3189
865557834469993,3190
865557866746685,3191
865557898466532,3192
865557938337416,3193
865557966436685,3194
865558003538339,3195
865558035502185,3196
865558065016570,3197
865558104977955,3198
865558134746493,3199
865558171000762,3200
865558204266339,3201
865558234773301,3202
865558265120608,3203
865558297876454,3204
865558330421801,3205
865558366377377,3206
865558399186608,3207
865558431958877,3208
865558464515493,3209
865558504178762,3210
865558532339916,3211
865558563637300,3212
865558599021454,3213
865558628566800,3214
865558662160185,3215
865558697905800,3216
865558741799339,3217
865558772760569,3218
865558805137685,3219
865558828601800,3220
865558864726839,3221
865558895647646,3222
865558928503223,3223
865558962157877,3224
865558996879800,3225
865559028655992,3226
865559063375377,3227
865559095740838,3228
865559132333800,3229
865559161126531,3230
865559197421531,3231
865559229751415,3232
865559268492415,3233
865559297448492,3234
865559330224338,3235
865559361061415,3236
865559397420069,3237
865559428136530,3238
865559463514954,3239
865559497776146,3240
865559528518261,3241
865559565619530,3242
865559596799569,3243
865559631840953,3244
865559663304184,3245
865559698630107,3246
865559730180069,3247
865559763851646,3248
865559800624299,3249
865559831170338,3250
865559864471569,3251
865559895862415,3252
865559930424453,3253
865559962879569,3254
865559996682684,3255
865560031054107,3256
865560063334761,3257
865560096124992,3258
865560129609184,3259
865560164407222,3260
865560198539915,3261
865560231104376,3262
865560264757068,3263
865560295936799,3264
865560330363145,3265
865560364284722,3266
865560395854914,3267
865560429548914,3268
865560461595530,3269
865560494536299,3270
865560529067837,3271
865560561297068,3272
865560595349260,3273
865560628136145,3274
865560662822260,3275
865560694582222,3276
865560729693683,3277
865560769622606,3278
865560799062491,3279
865560831013568,3280
865560864461068,3281
865560897902183,3282
865560930198606,3283
865560962606452,3284
865561000101029,3285
865561029237799,3286
865561062516491,3287
865561093862299,3288
865561127993760,3289
865561160525414,3290
865561194001952,3291
865561229546414,3292
865561261541914,3293
865561297679491,3294
865561335649183,3295
865561367064683,3296
865561401899029,3297
865561430838683,3298
865561464667337,3299
865561496228452,3300
865561531039837,3301
865561564367798,3302
865561597002529,3303
865561629954106,3304
865561662480875,3305
865561697353298,3306
865561729524106,3307
865561762351952,3308
865561797161260,3309
865561826719144,3310
865561861364490,3311
865561894821067,3312
865561931342452,3313
865561962668106,3314
865561998838644,3315
865562032861952,3316
865562063963721,3317
865562101653452,3318
865562131250605,3319
865562162096336,3320
865562198759682,3321
865562234128798,3322
865562263145413,3323
865562295522298,3324
865562328245528,3325
865562362922028,3326
865562401716759,3327
865562432081990,3328
865562467927067,3329
865562499036874,3330
865562528391182,3331
865562563200605,3332
865562597651567,3333
865562633245528,3334
865562667274951,3335
865562701688720,3336
865562732895413,3337
865562765916913,3338
865562797778451,3339
865562833843913,3340
865562861338413,3341
865562897522797,3342
865562930531259,3343
865562963478220,3344
865562998474028,3345
865563032079297,3346
865563063994182,3347
865563097526951,3348
865563127288951,3349
865563161265374,3350
865563197295643,3351
865563229139105,3352
865563263712028,3353
865563295441143,3354
865563328197143,3355
865563363035912,3356
865563398617797,3357
865563430663489,3358
865563465371297,3359
865563497690412,3360
865563534120104,3361
865563563580681,3362
865563593962566,3363
865563628300912,3364
865563661080143,3365
865563696255143,3366
865563732332066,3367
865563765156604,3368
865563793313989,3369
865563830344758,3370
865563860366412,3371
865563895569104,3372
865563930470566,3373
865563962535335,3374
865563997005643,3375
865564028662681,3376
865564062822258,3377
865564096075950,3378
865564129431296,3379
865564162118027,3380
865564198757142,3381
865564228100950,3382
865564266606450,3383
865564298652758,3384
865564329389873,3385
865564366686027,3386
865564393611412,3387
865564426798912,3388
865564460770912,3389
865564495019219,3390
865564528251719,3391
865564563043565,3392
865564594188873,3393
865564628155950,3394
865564659268373,3395
865564697135911,3396
865564734829604,3397
865564764632181,3398
865564798695527,3399
865564832980988,3400
865564865237565,3401
865564894561450,3402
865564927591757,3403
865564961118757,3404
865564993690411,3405
865565029065026,3406
865565061279603,3407
865565095330065,3408
865565127844026,3409
865565160505180,3410
865565193345180,3411
865565226552103,3412
865565258700411,3413
865565296971834,3414
865565330649219,3415
865565359520795,3416
865565394361949,3417
865565426899065,3418
865565459320218,3419
865565493034372,3420
865565527166603,3421
865565558896565,3422
865565593341834,3423
865565625488372,3424
865565663705757,3425
865565701735372,3426
865565731849872,3427
865565762830218,3428
865565797946911,3429
865565836248295,3430
865565865999334,3431
865565896271641,3432
865565927749757,3433
865565959985218,3434
865565993814180,3435
865566025984987,3436
865566060794103,3437
865566091651449,3438
865566123331064,3439
865566159488449,3440
865566190570718,3441
865566224818564,3442
865566258004218,3443
865566293151333,3444
865566327740679,3445
865566357654026,3446
865566391077718,3447
865566425649025,3448
865566459968064,3449
865566491303102,3450
865566525453756,3451
865566559625025,3452
865566591943910,3453
865566620579641,3454
865566659022218,3455
865566692688448,3456
865566725601564,3457
865566765773025,3458
865566795794448,3459
865566822843871,3460
865566857460064,3461
865566893133487,3462
865566924970256,3463
865566960042794,3464
865566996584333,3465
865567029869294,3466
865567061860063,3467
865567095316063,3468
865567127767410,3469
865567158709563,3470
865567191537256,3471
865567226520448,3472
865567261090871,3473
865567292128333,3474
865567326221217,3475
865567354835448,3476
865567389589102,3477
865567422103640,3478
865567454672909,3479
865567491940025,3480
865567523016832,3481
865567558066102,3482
865567595109102,3483
865567626109294,3484
865567660278525,3485
865567698364255,3486
865567728253486,3487
865567766149371,3488
865567795313371,3489
865567827557217,3490
865567858450140,3491
865567888910678,3492
865567926428486,3493
865567956987871,3494
865567991795063,3495
865568020610178,3496
865568054370255,3497
865568089386178,3498
865568121723486,3499
865568160609947,3500
865568189662793,3501
865568220798601,3502
865568254160101,3503
865568286472755,3504
865568327062986,3505
865568360038370,3506
865568388550216,3507
865568420770063,3508
865568455642293,3509
865568490152947,3510
865568521748178,3511
865568556586255,3512
865568589596716,3513
865568621829485,3514
865568661171985,3515
865568689877870,3516
865568722896062,3517
865568755467370,3518
865568788665139,3519
865568820496831,3520
865568854145178,3521
865568890336178,3522
865568926630447,3523
865568958552562,3524
865568992932601,3525
865569024708254,3526
865569052589101,3527
865569089549293,3528
865569123444870,3529
865569155238177,3530
865569191611677,3531
865569222944331,3532
865569256607908,3533
865569288132831,3534
865569318951062,3535
865569356378370,3536
865569390528677,3537
865569422154716,3538
865569457931639,3539
865569491718254,3540
865569522875023,3541
865569557807600,3542
865569590842254,3543
865569623807754,3544
865569658828331,3545
865569691693139,3546
865569723272600,3547
865569765036292,3548
865569790968485,3549
865569822615946,3550
865569857551523,3551
865569889121177,3552
865569924280908,3553
865569958269561,3554
865569989555484,3555
865570025080908,3556
865570058607292,3557
865570087781100,3558
865570121351446,3559
865570156406331,3560
865570189940600,3561
865570222429754,3562
865570253497138,3563
865570287327407,3564
865570322484369,3565
865570353105100,3566
865570387205638,3567
865570417935638,3568
865570451538753,3569
865570490770138,3570
865570520503561,3571
865570553558830,3572
865570584982023,3573
865570626322753,3574
865570657530792,3575
865570689700138,3576
865570723439407,3577
865570757530715,3578
865570788289215,3579
865570826856138,3580
865570855813753,3581
865570894259715,3582
865570928185984,3583
865570956876484,3584
865570987500984,3585
865571021656291,3586
865571054679714,3587
865571087558176,3588
865571120976714,3589
865571153970791,3590
865571188884907,3591
865571225447984,3592
865571256719176,3593
865571290812753,3594
865571321602868,3595
865571356589637,3596
865571390790753,3597
865571424565291,3598
865571453394330,3599
865571488656483,3600
865571522113214,3601
865571553992330,3602
865571587592714,3603
865571620463637,3604
865571653353445,3605
865571688668791,3606
865571721841445,3607
865571757119368,3608
865571790414483,3609
865571821349483,3610
865571854223137,3611
865571885481599,3612
865571920791214,3613
865571954357098,3614
865571986111214,3615
865572020572868,3616
865572051730637,3617
865572088965945,3618
865572118577560,3619
865572154223637,3620
865572184916406,3621
865572221332598,3622
865572252658214,3623
865572287024791,3624
865572319293906,3625
865572352298714,3626
865572387553329,3627
865572419698790,3628
865572457929406,3629
865572485640406,3630
865572523714790,3631
865572556243944,3632
865572587368598,3633
865572618124713,3634
865572649624406,3635
865572685363713,3636
865572719747906,3637
865572755111367,3638
865572785032598,3639
865572822831982,3640
865572854131867,3641
865572888386367,3642
865572920665559,3643
